2,5453.5
2,5423.615384615385
2,5444.357142857143
2,5449.933333333333
2,5445.5
2,5449.764705882353
3,5457.777777777777
3,5436.473684210527
3,5452.1
3,5431.857142857143
3,5435.454545454545
4,5423.0
4,5419.333333333333
4,5408.48
4,5421.576923076923
4,5417.555555555556
4,5421.892857142857
5,5426.3448275862065
5,5438.7
5,5440.290322580645
5,5435.4375
5,5428.909090909091
6,5427.205882352941
6,5428.828571428571
6,5431.472222222223
6,5425.0
6,5421.210526315789
7,5415.179487179487
7,5403.95
7,5399.536585365854
7,5408.642857142857
7,5415.511627906977
7,5413.659090909091
8,5411.822222222222
8,5412.54347826087
8,5407.36170212766
8,5412.8125
8,5412.816326530612
9,5418.54
9,5418.098039215686
9,5416.442307692308
9,5415.528301886792
10,5411.518518518518
10,5406.509090909091
10,5402.982142857143
10,5399.701754385965
10,5397.206896551724
11,5394.186440677966
11,5397.7
11,5391.508196721312
11,5388.5161290322585
12,5391.587301587301
12,5397.40625
12,5392.153846153846
12,5390.545454545455
12,5390.268656716418
13,5390.632352941177
13,5384.811594202899
13,5382.071428571428
13,5380.87323943662
14,5382.194444444444
14,5375.7945205479455
14,5371.756756756757
14,5367.866666666667
14,5366.934210526316
14,5363.948051948052
15,5361.679487179487
15,5360.7594936708865
15,5357.3625
15,5354.641975308642
15,5351.8536585365855
16,5354.084337349397
16,5352.0952380952385
16,5347.105882352941
16,5347.069767441861
16,5345.252873563219
17,5344.784090909091
17,5343.460674157303
17,5341.0888888888885
17,5340.516483516483
17,5343.532608695652
18,5343.8387096774195
18,5341.893617021276
18,5339.168421052632
18,5336.760416666667
18,5333.453608247422
19,5330.0
19,5329.979797979798
19,5331.2
19,5332.148514851485
19,5330.068627450981
20,5328.116504854369
20,5327.961538461538
20,5325.571428571428
20,5323.377358490566
20,5323.242990654206
21,5321.5
21,5320.678899082569
21,5320.245454545455
21,5320.0990990990995
21,5320.214285714285
22,5317.58407079646
22,5319.587719298245
22,5323.4
22,5322.568965517241
23,5322.401709401709
23,5319.677966101695
23,5320.176470588235
23,5318.725
23,5318.01652892562
24,5319.491803278688
24,5316.666666666667
24,5316.5887096774195
24,5313.672
24,5312.079365079365
25,5310.850393700787
25,5309.15625
25,5307.565891472868
25,5306.553846153846
25,5303.0687022900765
26,5302.825757575758
26,5301.421052631579
26,5300.074626865671
26,5298.681481481482
26,5297.632352941177
27,5296.591240875912
27,5292.695652173913
27,5291.345323741008
27,5290.478571428572
27,5293.659574468085
28,5292.302816901409
28,5292.0489510489515
28,5290.368055555556
28,5289.834482758621
28,5289.226027397261
29,5285.380952380952
29,5285.966216216216
29,5287.221476510067
29,5287.206666666667
29,5286.066225165563
30,5286.361842105263
30,5284.464052287582
30,5282.227272727273
30,5281.948387096774
30,5276.73717948718
31,5275.025477707007
31,5274.094936708861
31,5274.069182389937
31,5273.73125
31,5274.459627329193
32,5272.320987654321
32,5273.435582822086
32,5273.006097560976
32,5272.193939393939
32,5270.777108433735
33,5268.682634730539
33,5267.464285714285
33,5267.721893491124
33,5269.929411764706
33,5268.988304093567
34,5268.122093023256
34,5265.994219653179
34,5266.522988505747
34,5266.274285714286
34,5265.568181818182
35,5264.220338983051
35,5263.752808988764
35,5262.508379888268
35,5260.95
35,5259.254143646409
36,5257.214285714285
36,5258.295081967213
36,5260.054347826087
36,5256.756756756757
36,5256.155913978495
37,5254.604278074867
37,5254.356382978724
37,5254.449735449735
37,5253.994736842105
37,5253.340314136126
38,5253.239583333333
38,5252.279792746114
38,5251.984536082474
38,5250.656410256411
38,5249.923469387755
39,5249.46192893401
39,5248.414141414141
39,5248.804020100502
39,5248.235
39,5246.820895522388
40,5245.925742574257
40,5245.71921182266
40,5244.504901960784
40,5244.492682926829
40,5243.558252427184
41,5240.497584541063
41,5242.25
41,5241.645933014354
41,5242.128571428571
42,5241.658767772512
42,5238.221698113208
42,5237.7464788732395
42,5238.35046728972
42,5237.627906976744
43,5237.185185185185
43,5235.202764976959
43,5234.284403669725
43,5233.584474885844
43,5232.55
44,5232.823529411765
44,5231.752252252252
44,5230.748878923767
44,5229.370535714285
44,5228.12
45,5227.977876106194
45,5226.370044052864
45,5226.368421052632
45,5226.082969432315
45,5227.0
46,5227.597402597403
46,5227.607758620689
46,5226.768240343347
46,5224.876068376068
46,5224.770212765958
47,5224.474576271186
47,5223.523206751055
47,5225.235294117647
47,5224.050209205021
47,5223.933333333333
48,5224.369294605809
48,5223.148760330579
48,5221.847736625515
48,5222.852459016393
48,5222.942857142857
49,5221.865853658536
49,5220.295546558705
49,5219.528225806452
49,5220.232931726908
49,5219.016
50,5218.804780876494
50,5217.456349206349
50,5218.071146245059
50,5218.192913385827
50,5217.898039215686
51,5217.8984375
51,5217.214007782101
51,5216.480620155039
51,5216.640926640926
51,5215.711538461538
52,5216.183908045977
52,5214.7900763358775
52,5214.304182509506
52,5213.325757575758
52,5212.822641509434
53,5211.308270676692
53,5211.801498127341
53,5211.5970149253735
53,5211.037174721189
53,5209.15925925926
54,5209.837638376383
54,5210.753676470588
54,5209.468864468865
54,5208.204379562044
54,5207.9345454545455
55,5207.724637681159
55,5207.837545126354
55,5207.13309352518
55,5207.100358422939
56,5207.339285714285
56,5207.270462633452
56,5207.109929078014
56,5206.8056537102475
56,5206.077464788732
57,5206.452631578947
57,5205.874125874126
57,5205.233449477352
57,5204.673611111111
58,5206.5467128027685
58,5206.113793103448
58,5206.656357388316
58,5206.4006849315065
58,5204.815699658703
59,5205.452380952381
59,5203.864406779661
59,5204.388513513513
59,5204.340067340067
60,5204.39932885906
60,5203.484949832776
60,5203.386666666666
60,5204.5282392026575
61,5205.198675496688
61,5205.623762376237
61,5205.0723684210525
61,5204.6590163934425
62,5204.588235294118
62,5205.013029315961
62,5205.487012987013
62,5204.766990291262
63,5205.4
63,5204.932475884244
63,5203.778846153846
63,5202.686900958466
64,5202.652866242038
64,5201.850793650794
64,5200.566455696203
64,5199.996845425868
65,5199.845911949686
65,5199.2163009404385
65,5198.54375
65,5200.461059190031
65,5199.757763975155
66,5200.037151702786
66,5199.311728395061
66,5199.904615384616
66,5198.7208588957055
66,5198.795107033639
67,5198.176829268293
67,5197.674772036474
67,5196.654545454546
67,5196.522658610272
68,5195.819277108434
68,5194.855855855856
68,5194.191616766467
68,5193.346268656716
68,5193.556547619048
69,5193.543026706231
69,5193.612426035503
69,5193.557522123894
69,5194.044117647059
69,5193.170087976539
70,5192.105263157895
70,5193.34693877551
70,5192.459302325581
70,5191.333333333333
70,5190.910404624277
71,5190.71469740634
71,5190.264367816092
71,5189.283667621777
71,5190.385714285714
71,5189.894586894587
72,5189.170454545455
72,5189.235127478753
72,5188.485875706215
72,5187.360563380282
72,5187.494382022472
73,5187.411764705882
73,5187.460893854749
73,5187.604456824512
73,5187.763888888889
74,5187.2216066482
74,5187.513812154696
74,5187.732782369146
74,5187.3873626373625
74,5186.375342465753
75,5185.896174863388
75,5185.544959128066
75,5184.991847826087
75,5185.368563685637
75,5185.57027027027
76,5184.851752021564
76,5184.712365591397
76,5184.093833780161
76,5183.668449197861
77,5183.349333333334
77,5183.86170212766
77,5183.480106100796
77,5183.457671957672
77,5183.817941952507
78,5183.042105263158
78,5182.372703412074
78,5182.311518324607
78,5183.6266318537855
79,5185.177083333333
79,5184.7298701298705
79,5184.720207253886
79,5184.617571059432
80,5184.587628865979
80,5183.915167095116
80,5182.8564102564105
80,5182.398976982097
80,5181.380102040816
81,5181.173027989822
81,5181.497461928934
81,5181.19746835443
81,5180.166666666667
81,5180.420654911839
82,5180.429648241206
82,5179.290726817043
82,5178.93
82,5179.369077306733
82,5179.3407960199
83,5179.697270471464
83,5180.05198019802
83,5180.20987654321
83,5181.20197044335
84,5181.100737100737
84,5179.884803921569
84,5179.784841075794
84,5179.558536585366
84,5179.688564476885
85,5180.046116504855
85,5179.670702179177
85,5179.886473429951
85,5180.130120481927
85,5179.682692307692
86,5180.412470023981
